T_c(infinity) = 2.118676251181992 +/- 0.3174309749265059
a = 1.1819582137938782 +/- 1.5768057607768584
nu = 1.7317544999547998 +/- 2.9000933839899448