T_c(infinity) = 2.29789853199408 +/- 0.014734897367221049
a = 60.40637847692871 +/- 117.7315139106283
nu = 0.44822946038882694 +/- 0.14820496598161848