Tau_e = 1.0101010101010102 for N = 15
Tau_e = 1.0101010101010102 for N = 30
Tau_e = 1.0101010101010102 for N = 45
Tau_e = 1.0101010101010102 for N = 60
